********************************************************************************
STREME - Sensitive, Thorough, Rapid, Enriched Motif Elicitation
********************************************************************************
MEME version 5.5.9 (Release date: Fri Nov 21 15:33:51 2025 -0800)

For further information on how to interpret these results please access https://meme-suite.org/meme.
To get a copy of the MEME Suite software please access https://meme-suite.org.

********************************************************************************


********************************************************************************
REFERENCE
********************************************************************************
If you use this program in your research, please cite:

Timothy L. Bailey,
"STREME: accurate and versatile sequence motif discovery",
Bioinformatics, Mar. 24, 2021.
********************************************************************************


ALPHABET= ACGT

strands: + -

Background letter frequencies
A 0.328 C 0.172 G 0.172 T 0.328 

MOTIF 1-WWWATTWTAWYATWW STREME-1
letter-probability matrix: alength= 4 w= 15 nsites= 1206 E= 4.3e-021
 0.426178 0.092270 0.042458 0.439093
 0.315505 0.103330 0.031394 0.549771
 0.344096 0.105175 0.000037 0.550692
 0.999857 0.000037 0.000037 0.000070
 0.059096 0.073820 0.083040 0.784044
 0.016670 0.064601 0.056302 0.862427
 0.498118 0.031397 0.142990 0.327495
 0.000070 0.014804 0.000037 0.985089
 0.952827 0.005570 0.028623 0.012980
 0.392042 0.154984 0.108868 0.344105
 0.174371 0.496239 0.030472 0.298917
 0.743464 0.076582 0.006492 0.173461
 0.261077 0.124538 0.046146 0.568240
 0.506431 0.050760 0.103323 0.339487
 0.387442 0.103335 0.077520 0.431703

MOTIF 2-AATATAA STREME-2
letter-probability matrix: alength= 4 w= 7 nsites= 624 E= 7.0e-005
 0.792335 0.067239 0.000230 0.140197
 0.736900 0.203769 0.000230 0.059102
 0.105949 0.020601 0.000230 0.873220
 0.722390 0.000230 0.000230 0.277150
 0.062674 0.000230 0.000230 0.936866
 0.944175 0.000230 0.040852 0.014744
 0.960556 0.008596 0.005166 0.025682

MOTIF 3-CTCCTTT STREME-3
letter-probability matrix: alength= 4 w= 7 nsites= 155 E= 6.9e-001
 0.000816 0.997941 0.000428 0.000816
 0.000816 0.180464 0.000428 0.818292
 0.000816 0.997941 0.000428 0.000816
 0.000816 0.997941 0.000428 0.000816
 0.000816 0.000428 0.000428 0.998328
 0.248759 0.063719 0.000428 0.687094
 0.240230 0.000428 0.155640 0.603702

MOTIF 4-GTAAATATA STREME-4
letter-probability matrix: alength= 4 w= 9 nsites= 41 E= 2.7e+000
 0.001912 0.001004 0.995171 0.001912
 0.102935 0.001004 0.051484 0.844577
 0.895119 0.051484 0.051484 0.001912
 0.945600 0.051484 0.001004 0.001912
 0.996080 0.001004 0.001004 0.001912
 0.001912 0.076747 0.001004 0.920336
 0.988131 0.008952 0.001004 0.001912
 0.001912 0.001004 0.051484 0.945600
 0.666676 0.001004 0.304813 0.027507

MOTIF 5-TACATAATAAAW STREME-5
letter-probability matrix: alength= 4 w= 12 nsites= 56 E= 3.1e+000
 0.064312 0.035068 0.040869 0.859752
 0.830678 0.040880 0.058337 0.070106
 0.093340 0.847936 0.040865 0.017858
 0.772671 0.064092 0.069904 0.093333
 0.064315 0.023454 0.011841 0.900390
 0.888794 0.029256 0.040872 0.041078
 0.714594 0.075709 0.104758 0.104939
 0.145584 0.069897 0.058284 0.726235
 0.604268 0.122159 0.087319 0.186254
 0.691374 0.064085 0.093120 0.151421
 0.691388 0.064092 0.069897 0.174623
 0.522985 0.093124 0.058284 0.325607

MOTIF 6-ATAATAAAAACA STREME-6
letter-probability matrix: alength= 4 w= 12 nsites= 48 E= 4.2e+000
 0.971293 0.000988 0.000988 0.026730
 0.001883 0.000988 0.000988 0.996140
 0.996140 0.000988 0.000988 0.001883
 0.797319 0.100406 0.050682 0.051592
 0.001883 0.000988 0.000988 0.996140
 0.921584 0.000988 0.075544 0.001883
 0.772426 0.050697 0.075575 0.101301
 0.623315 0.174962 0.000988 0.200735
 0.673039 0.150131 0.075544 0.101286
 0.772487 0.025835 0.000988 0.200689
 0.051592 0.647191 0.175084 0.126133
 0.673039 0.000988 0.050697 0.275275

MOTIF 7-AAATAAAAT STREME-7
letter-probability matrix: alength= 4 w= 9 nsites= 76 E= 4.3e+000
 0.930571 0.000875 0.000875 0.067680
 0.952589 0.044870 0.000875 0.001667
 0.914037 0.000875 0.000875 0.084213
 0.001667 0.221456 0.000875 0.776002
 0.996584 0.000875 0.000875 0.001667
 0.996584 0.000875 0.000875 0.001667
 0.886495 0.000875 0.000875 0.111755
 0.864545 0.000875 0.044870 0.089711
 0.091944 0.069657 0.000875 0.837524

MOTIF 8-AAWGTGTTTA STREME-8
letter-probability matrix: alength= 4 w= 10 nsites= 58 E= 5.3e+000
 0.825067 0.000624 0.031982 0.142327
 0.887823 0.000624 0.000624 0.110930
 0.640453 0.000624 0.000624 0.358300
 0.001188 0.000624 0.997000 0.001188
 0.075964 0.031973 0.000624 0.891439
 0.173657 0.110394 0.714761 0.001188
 0.079600 0.031973 0.000624 0.887804
 0.126624 0.079006 0.031982 0.762387
 0.048222 0.031982 0.091160 0.828635
 0.966216 0.000624 0.016298 0.016863

MOTIF 9-TAAAAATTACTTT STREME-9
letter-probability matrix: alength= 4 w= 13 nsites= 61 E= 5.6e+000
 0.087403 0.014949 0.000572 0.897076
 0.810798 0.086868 0.000572 0.101762
 0.853919 0.014949 0.130042 0.001090
 0.954636 0.014949 0.014949 0.015466
 0.954636 0.029326 0.014949 0.001090
 0.925865 0.000572 0.043711 0.029852
 0.173646 0.000572 0.029326 0.796456
 0.001090 0.086885 0.101218 0.810807
 0.763245 0.000572 0.014949 0.221235
 0.178017 0.561452 0.072509 0.188023
 0.173629 0.029326 0.004942 0.792103
 0.116122 0.230706 0.086885 0.566287
 0.231180 0.043702 0.043702 0.681415

MOTIF 10-ACTTTWTGAWAWY STREME-10
letter-probability matrix: alength= 4 w= 13 nsites= 28 E= 7.2e+000
 0.828534 0.001641 0.001641 0.168183
 0.003127 0.992105 0.001641 0.003127
 0.003127 0.001641 0.001641 0.993590
 0.003127 0.084182 0.001641 0.911050
 0.085668 0.001641 0.084182 0.828509
 0.457088 0.001641 0.001641 0.539629
 0.003127 0.001641 0.084182 0.911050
 0.003127 0.084182 0.909564 0.003127
 0.993590 0.001641 0.001641 0.003127
 0.663453 0.001641 0.001641 0.333265
 0.952333 0.001641 0.042899 0.003127
 0.333265 0.001641 0.001641 0.663453
 0.003127 0.414370 0.166698 0.415805

********************************************************************************
Stopped because maximum number of motifs (10) reached.
********************************************************************************
COMMAND:	streme --dna --p /Users/mac/Desktop/DEVELOP/code_brandnewme/ml-pro/data/processed/pr01_02_data_v2/tjupan_staphylococcus/main/discovery.positive.fasta --n /Users/mac/Desktop/DEVELOP/code_brandnewme/ml-pro/data/processed/pr01_02_data_v2/tjupan_staphylococcus/main/discovery.natural_control.fasta --order 2 --minw 5 --maxw 15 --thresh 0.05 --nmotifs 10 --seed 20261005 --o /Users/mac/Desktop/DEVELOP/code_brandnewme/ml-pro/results/motif/tju_streme_v2_20261008/tjupan_staphylococcus/natural
********************************************************************************
CPU:		cysdeMacBook-Air.local
********************************************************************************
FINALTIME:	5.67 seconds
********************************************************************************
