********************************************************************************
STREME - Sensitive, Thorough, Rapid, Enriched Motif Elicitation
********************************************************************************
MEME version 5.5.9 (Release date: Fri Nov 21 15:33:51 2025 -0800)

For further information on how to interpret these results please access https://meme-suite.org/meme.
To get a copy of the MEME Suite software please access https://meme-suite.org.

********************************************************************************


********************************************************************************
REFERENCE
********************************************************************************
If you use this program in your research, please cite:

Timothy L. Bailey,
"STREME: accurate and versatile sequence motif discovery",
Bioinformatics, Mar. 24, 2021.
********************************************************************************


ALPHABET= ACGT

strands: + -

Background letter frequencies
A 0.371 C 0.129 G 0.129 T 0.371 

MOTIF 1-ATTWTAWCATAD STREME-1
letter-probability matrix: alength= 4 w= 12 nsites= 645 E= 5.0e-005
 0.953601 0.024365 0.000032 0.022001
 0.005307 0.059136 0.045219 0.890339
 0.077995 0.067811 0.028899 0.825295
 0.345418 0.031317 0.142254 0.481010
 0.000093 0.001770 0.000032 0.998105
 0.999842 0.000032 0.000032 0.000093
 0.272556 0.188016 0.111862 0.427566
 0.007765 0.826273 0.003508 0.162454
 0.951476 0.010460 0.032036 0.006028
 0.164480 0.156494 0.024362 0.654663
 0.539910 0.074772 0.132836 0.252481
 0.347202 0.119112 0.194056 0.339630

MOTIF 2-CCTCCTTWWT STREME-2
letter-probability matrix: alength= 4 w= 10 nsites= 260 E= 1.6e-002
 0.143360 0.720660 0.027040 0.108940
 0.018439 0.913855 0.006807 0.060899
 0.084493 0.050660 0.000063 0.864784
 0.037279 0.942528 0.000063 0.020131
 0.015070 0.872357 0.020298 0.092276
 0.094039 0.077943 0.030410 0.797607
 0.214107 0.165641 0.040531 0.579721
 0.574841 0.072286 0.046988 0.305885
 0.454451 0.133691 0.054019 0.357839
 0.208770 0.150749 0.060768 0.579713

MOTIF 3-ATMTTKAYAAMTT STREME-3
letter-probability matrix: alength= 4 w= 13 nsites= 32 E= 6.1e-001
 0.967114 0.030711 0.000560 0.001615
 0.001615 0.000560 0.030711 0.967114
 0.393936 0.603889 0.000560 0.001615
 0.001615 0.000560 0.000560 0.997265
 0.212736 0.000560 0.000560 0.786143
 0.001615 0.000560 0.634023 0.363802
 0.997265 0.000560 0.000560 0.001615
 0.001615 0.664403 0.000560 0.333422
 0.997265 0.000560 0.000560 0.001615
 0.816310 0.181515 0.000560 0.001615
 0.393985 0.422902 0.000560 0.182553
 0.001615 0.000560 0.000560 0.997265
 0.242953 0.000560 0.000560 0.755927

MOTIF 4-AAAATGAT STREME-4
letter-probability matrix: alength= 4 w= 8 nsites= 430 E= 7.0e-001
 0.764678 0.144933 0.013699 0.076690
 0.922734 0.015736 0.006412 0.055118
 0.994845 0.004483 0.000173 0.000499
 0.871319 0.010525 0.117658 0.000499
 0.095546 0.194136 0.075027 0.635291
 0.000499 0.000173 0.998830 0.000499
 0.708128 0.011378 0.247713 0.032782
 0.014315 0.134808 0.156042 0.694835

MOTIF 5-AAACGCTT STREME-5
letter-probability matrix: alength= 4 w= 8 nsites= 97 E= 1.1e+000
 0.819660 0.004278 0.012906 0.163155
 0.787084 0.056243 0.023523 0.133150
 0.839966 0.000429 0.046629 0.112976
 0.001237 0.997097 0.000429 0.001237
 0.001237 0.000429 0.997097 0.001237
 0.173063 0.825271 0.000429 0.001237
 0.033762 0.023523 0.010010 0.932705
 0.005680 0.000429 0.023523 0.970368

MOTIF 6-GTTGATGAMGR STREME-6
letter-probability matrix: alength= 4 w= 11 nsites= 40 E= 3.4e+000
 0.001403 0.000487 0.996706 0.001403
 0.132439 0.000487 0.079143 0.787931
 0.001403 0.026691 0.000487 0.971418
 0.001403 0.000487 0.996706 0.001403
 0.735537 0.052896 0.026691 0.184876
 0.053812 0.184074 0.000487 0.761627
 0.211194 0.000487 0.786915 0.001403
 0.945214 0.000487 0.026691 0.027608
 0.421000 0.472293 0.026691 0.080016
 0.027608 0.052910 0.682155 0.237328
 0.316026 0.079114 0.419984 0.184876

MOTIF 7-AGTTTATAATRAW STREME-7
letter-probability matrix: alength= 4 w= 13 nsites= 29 E= 5.0e+000
 0.743622 0.127324 0.000589 0.128466
 0.286898 0.000589 0.710817 0.001697
 0.065055 0.000589 0.222379 0.711976
 0.001697 0.000589 0.032268 0.965447
 0.096752 0.000589 0.000589 0.902071
 0.997126 0.000589 0.000589 0.001697
 0.046518 0.095627 0.000589 0.857266
 0.997126 0.000589 0.000589 0.001697
 0.997126 0.000589 0.000589 0.001697
 0.001697 0.032268 0.127358 0.838677
 0.395061 0.000589 0.507563 0.096786
 0.933767 0.000589 0.000589 0.065055
 0.616869 0.063965 0.000589 0.318577

MOTIF 8-AGGGTATAC STREME-8
letter-probability matrix: alength= 4 w= 9 nsites= 34 E= 5.0e+000
 0.964493 0.000605 0.000605 0.034297
 0.001743 0.000605 0.995908 0.001743
 0.001743 0.000605 0.995908 0.001743
 0.164689 0.000605 0.832962 0.001743
 0.066869 0.065713 0.098320 0.769099
 0.899368 0.000605 0.098284 0.001743
 0.001743 0.000605 0.000605 0.997047
 0.899332 0.000605 0.000605 0.099458
 0.215171 0.684766 0.000605 0.099458

MOTIF 9-CACCTCTW STREME-9
letter-probability matrix: alength= 4 w= 8 nsites= 34 E= 5.0e+000
 0.001785 0.995811 0.000619 0.001785
 0.983149 0.000619 0.014447 0.001785
 0.001785 0.995811 0.000619 0.001785
 0.001785 0.995811 0.000619 0.001785
 0.001785 0.000619 0.000619 0.996976
 0.001785 0.995811 0.000619 0.001785
 0.215774 0.100631 0.200787 0.482809
 0.496594 0.000619 0.133980 0.368807

MOTIF 10-AGTTATATTTAWM STREME-10
letter-probability matrix: alength= 4 w= 13 nsites= 49 E= 6.6e+000
 0.923040 0.025363 0.050264 0.001333
 0.001333 0.000463 0.897188 0.101016
 0.001333 0.000463 0.050277 0.947927
 0.001333 0.025363 0.000463 0.972841
 0.898113 0.000463 0.000463 0.100962
 0.001333 0.000463 0.000463 0.997741
 0.972841 0.025363 0.000463 0.001333
 0.076075 0.000463 0.000463 0.922999
 0.001333 0.000463 0.075177 0.923026
 0.300287 0.000463 0.000463 0.698788
 0.748643 0.000463 0.025363 0.225532
 0.350142 0.025363 0.000463 0.624033
 0.325187 0.523601 0.050277 0.100935

********************************************************************************
Stopped because maximum number of motifs (10) reached.
********************************************************************************
COMMAND:	streme --dna --p /Users/mac/Desktop/DEVELOP/code_brandnewme/ml-pro/data/processed/pr01_02_data_v2/tjupan_staphylococcus/main/discovery.positive.fasta --n /Users/mac/Desktop/DEVELOP/code_brandnewme/ml-pro/data/processed/pr01_02_data_v2/tjupan_staphylococcus/main/discovery.dinucleotide_null.fasta --order 2 --minw 5 --maxw 15 --thresh 0.05 --nmotifs 10 --seed 20261005 --o /Users/mac/Desktop/DEVELOP/code_brandnewme/ml-pro/results/motif/tju_streme_v2_20261008/tjupan_staphylococcus/dinucleotide
********************************************************************************
CPU:		cysdeMacBook-Air.local
********************************************************************************
FINALTIME:	7.14 seconds
********************************************************************************
