split	label	sequence_index	family	candidate	present	raw_window_start0	projected_truth_start0	canonical_strand	truth_start0	delta	score	interval_iou
development	1	0	0	C11	True	8.0	8.0	+	8.0	0.0	17.233137750737026	1.0
development	1	1	0	C11	True	45.0	45.0	+	45.0	0.0	17.233137750737026	1.0
development	1	2	0	C11	True	49.0	49.0	+	49.0	0.0	17.233137750737026	1.0
development	1	3	0	C11	True	52.0	52.0	+	52.0	0.0	17.233137750737026	1.0
development	1	4	0	C11	True	12.0	12.0	+	12.0	0.0	17.233137750737026	1.0
development	1	5	0	C11	True	47.0	47.0	+	47.0	0.0	17.233137750737026	1.0
development	1	6	0	C11	True	35.0	35.0	+	35.0	0.0	17.233137750737026	1.0
development	1	7	0	C11	True	61.0	61.0	+	61.0	0.0	17.233137750737026	1.0
development	1	8	0	C11	True	53.0	53.0	+	53.0	0.0	17.233137750737026	1.0
development	1	9	0	C11	True	29.0	29.0	+	29.0	0.0	17.233137750737026	1.0
development	1	10	0	C11	True	16.0	16.0	+	16.0	0.0	17.233137750737026	1.0
development	1	11	0	C11	True	12.0	12.0	+	12.0	0.0	17.233137750737026	1.0
development	1	12	0	C11	True	1.0	1.0	+	1.0	0.0	17.233137750737026	1.0
development	1	13	0	C11	True	59.0	59.0	+	59.0	0.0	17.233137750737026	1.0
development	1	14	0	C11	True	34.0	34.0	+	34.0	0.0	17.233137750737026	1.0
development	1	15	0	C11	True	45.0	45.0	+	45.0	0.0	17.233137750737026	1.0
development	1	16	0	C11	True	20.0	20.0	+	20.0	0.0	17.233137750737026	1.0
development	1	17	0	C11	True	57.0	57.0	+	57.0	0.0	17.233137750737026	1.0
development	1	18	0	C11	True	22.0	22.0	+	22.0	0.0	17.233137750737026	1.0
development	1	19	0	C11	True	6.0	6.0	+	6.0	0.0	17.233137750737026	1.0
development	1	20	0	C11	True	11.0	11.0	+	11.0	0.0	17.233137750737026	1.0
development	1	21	0	C11	True	26.0	26.0	+	26.0	0.0	17.233137750737026	1.0
development	1	22	0	C11	True	7.0	7.0	+	7.0	0.0	17.233137750737026	1.0
development	1	23	0	C11	True	69.0	69.0	+	69.0	0.0	17.233137750737026	1.0
development	1	24	0	C11	True	36.0	36.0	+	36.0	0.0	17.233137750737026	1.0
development	1	25	0	C11	True	29.0	29.0	+	29.0	0.0	17.233137750737026	1.0
development	1	26	0	C11	True	57.0	57.0	+	57.0	0.0	17.233137750737026	1.0
development	1	27	0	C11	True	50.0	50.0	+	50.0	0.0	17.233137750737026	1.0
development	1	28	0	C11	True	25.0	25.0	+	25.0	0.0	17.233137750737026	1.0
development	1	29	0	C11	True	15.0	15.0	+	15.0	0.0	17.233137750737026	1.0
development	1	30	0	C11	True	30.0	30.0	+	30.0	0.0	17.233137750737026	1.0
development	1	31	0	C11	True	47.0	47.0	+	47.0	0.0	17.233137750737026	1.0
development	1	32	0	C11	True	27.0	27.0	+	27.0	0.0	17.233137750737026	1.0
development	1	33	0	C11	True	65.0	65.0	+	65.0	0.0	17.233137750737026	1.0
development	1	34	0	C11	True	13.0	13.0	+	13.0	0.0	17.233137750737026	1.0
development	1	35	0	C11	True	49.0	49.0	+	49.0	0.0	17.233137750737026	1.0
development	1	36	0	C11	True	45.0	45.0	+	45.0	0.0	17.233137750737026	1.0
development	1	37	0	C11	True	14.0	14.0	+	14.0	0.0	17.233137750737026	1.0
development	1	38	0	C11	True	49.0	49.0	+	49.0	0.0	17.233137750737026	1.0
development	1	39	0	C11	True	65.0	65.0	+	65.0	0.0	17.233137750737026	1.0
development	1	40	0	C11	True	41.0	41.0	+	41.0	0.0	17.233137750737026	1.0
development	1	41	0	C11	True	3.0	3.0	+	3.0	0.0	17.233137750737026	1.0
development	1	42	0	C11	True	26.0	26.0	+	26.0	0.0	17.233137750737026	1.0
development	1	43	0	C11	True	11.0	11.0	+	11.0	0.0	17.233137750737026	1.0
development	1	44	0	C11	True	63.0	63.0	+	63.0	0.0	17.233137750737026	1.0
development	1	45	0	C11	True	49.0	49.0	+	49.0	0.0	17.233137750737026	1.0
development	1	46	0	C11	True	52.0	52.0	+	52.0	0.0	17.233137750737026	1.0
development	1	47	0	C11	True	23.0	23.0	+	23.0	0.0	17.233137750737026	1.0
development	1	48	0	C11	True	21.0	21.0	+	21.0	0.0	17.233137750737026	1.0
development	1	49	0	C11	True	63.0	63.0	+	63.0	0.0	17.233137750737026	1.0
development	1	50	0	C11	True	46.0	46.0	+	46.0	0.0	17.233137750737026	1.0
development	1	51	0	C11	True	31.0	31.0	+	31.0	0.0	17.233137750737026	1.0
development	1	52	0	C11	True	52.0	52.0	+	52.0	0.0	17.233137750737026	1.0
development	1	53	0	C11	True	63.0	63.0	+	63.0	0.0	17.233137750737026	1.0
development	1	54	0	C11	True	1.0	1.0	+	1.0	0.0	17.233137750737026	1.0
development	1	55	0	C11	True	8.0	8.0	+	8.0	0.0	17.233137750737026	1.0
development	1	56	0	C11	True	58.0	58.0	+	58.0	0.0	17.233137750737026	1.0
development	1	57	0	C11	True	61.0	61.0	+	61.0	0.0	17.233137750737026	1.0
development	1	58	0	C11	True	17.0	17.0	+	17.0	0.0	17.233137750737026	1.0
development	1	59	0	C11	True	34.0	34.0	+	34.0	0.0	17.233137750737026	1.0
development	1	60	0	C11	True	18.0	18.0	+	18.0	0.0	17.233137750737026	1.0
development	1	61	0	C11	True	53.0	53.0	+	53.0	0.0	17.233137750737026	1.0
development	1	62	0	C11	True	60.0	60.0	+	60.0	0.0	17.233137750737026	1.0
development	1	63	0	C11	True	38.0	38.0	+	38.0	0.0	17.233137750737026	1.0
development	1	64	0	C11	True	57.0	57.0	+	57.0	0.0	17.233137750737026	1.0
development	1	65	0	C11	True	39.0	39.0	+	39.0	0.0	17.233137750737026	1.0
development	1	66	0	C11	True	55.0	55.0	+	55.0	0.0	17.233137750737026	1.0
development	1	67	0	C11	True	26.0	26.0	+	26.0	0.0	17.233137750737026	1.0
development	1	68	0	C11	True	21.0	21.0	+	21.0	0.0	17.233137750737026	1.0
development	1	69	0	C11	True	15.0	15.0	+	15.0	0.0	17.233137750737026	1.0
development	1	70	0	C11	True	53.0	53.0	+	53.0	0.0	17.233137750737026	1.0
development	1	71	0	C11	True	46.0	46.0	+	46.0	0.0	17.233137750737026	1.0
development	1	72	0	C11	True	43.0	43.0	+	43.0	0.0	17.233137750737026	1.0
development	1	73	0	C11	True	8.0	8.0	+	8.0	0.0	17.233137750737026	1.0
development	1	74	0	C11	True	55.0	55.0	+	55.0	0.0	17.233137750737026	1.0
development	1	75	0	C11	True	15.0	15.0	+	15.0	0.0	17.233137750737026	1.0
development	1	76	0	C11	True	14.0	14.0	+	14.0	0.0	17.233137750737026	1.0
development	1	77	0	C11	True	67.0	67.0	+	67.0	0.0	17.233137750737026	1.0
development	1	78	0	C11	True	36.0	36.0	+	36.0	0.0	17.233137750737026	1.0
development	1	79	0	C11	True	63.0	63.0	+	63.0	0.0	17.233137750737026	1.0
development	1	80	0	C11	True	32.0	32.0	+	32.0	0.0	17.233137750737026	1.0
development	1	81	0	C11	True	31.0	31.0	+	31.0	0.0	17.233137750737026	1.0
development	1	82	0	C11	True	27.0	27.0	+	27.0	0.0	17.233137750737026	1.0
development	1	83	0	C11	True	36.0	36.0	+	36.0	0.0	17.233137750737026	1.0
development	1	84	0	C11	True	61.0	61.0	+	61.0	0.0	17.233137750737026	1.0
development	1	85	0	C11	True	38.0	38.0	+	38.0	0.0	17.233137750737026	1.0
development	1	86	0	C11	True	56.0	56.0	+	56.0	0.0	17.233137750737026	1.0
development	1	87	0	C11	True	50.0	50.0	+	50.0	0.0	17.233137750737026	1.0
development	1	88	0	C11	True	52.0	52.0	+	52.0	0.0	17.233137750737026	1.0
development	1	89	0	C11	True	24.0	24.0	+	24.0	0.0	17.233137750737026	1.0
development	1	90	0	C11	True	52.0	52.0	+	52.0	0.0	17.233137750737026	1.0
development	1	91	0	C11	True	67.0	67.0	+	67.0	0.0	17.233137750737026	1.0
development	1	92	0	C11	True	56.0	56.0	+	56.0	0.0	17.233137750737026	1.0
development	1	93	0	C11	True	18.0	18.0	+	18.0	0.0	17.233137750737026	1.0
development	1	94	0	C11	True	19.0	19.0	+	19.0	0.0	17.233137750737026	1.0
development	1	95	0	C11	True	64.0	64.0	+	64.0	0.0	17.233137750737026	1.0
development	1	96	0	C11	True	67.0	67.0	+	67.0	0.0	17.233137750737026	1.0
development	1	97	0	C11	True	56.0	56.0	+	56.0	0.0	17.233137750737026	1.0
development	1	98	0	C11	True	16.0	16.0	+	16.0	0.0	17.233137750737026	1.0
development	1	99	0	C11	True	13.0	13.0	+	13.0	0.0	17.233137750737026	1.0
development	1	100	0	C11	True	51.0	51.0	+	51.0	0.0	17.233137750737026	1.0
development	1	101	0	C11	True	65.0	65.0	+	65.0	0.0	17.233137750737026	1.0
development	1	102	0	C11	True	54.0	54.0	+	54.0	0.0	17.233137750737026	1.0
development	1	103	0	C11	True	44.0	44.0	+	44.0	0.0	17.233137750737026	1.0
development	1	104	0	C11	True	30.0	30.0	+	30.0	0.0	17.233137750737026	1.0
development	1	105	0	C11	True	15.0	15.0	+	15.0	0.0	17.233137750737026	1.0
development	1	106	0	C11	True	19.0	19.0	+	19.0	0.0	17.233137750737026	1.0
development	1	107	0	C11	True	13.0	13.0	+	13.0	0.0	17.233137750737026	1.0
development	1	108	0	C11	True	10.0	10.0	+	10.0	0.0	17.233137750737026	1.0
development	1	109	0	C11	True	66.0	66.0	+	66.0	0.0	17.233137750737026	1.0
development	1	110	0	C11	True	47.0	47.0	+	47.0	0.0	17.233137750737026	1.0
development	1	111	0	C11	True	43.0	43.0	+	43.0	0.0	17.233137750737026	1.0
development	1	112	0	C11	True	6.0	6.0	+	6.0	0.0	17.233137750737026	1.0
development	1	113	0	C11	True	33.0	33.0	+	33.0	0.0	17.233137750737026	1.0
development	1	114	0	C11	True	58.0	58.0	+	58.0	0.0	17.233137750737026	1.0
development	1	115	0	C11	True	37.0	37.0	+	37.0	0.0	17.233137750737026	1.0
development	1	116	0	C11	True	26.0	26.0	+	26.0	0.0	17.233137750737026	1.0
development	1	117	0	C11	True	33.0	33.0	+	33.0	0.0	17.233137750737026	1.0
development	1	118	0	C11	True	23.0	23.0	+	23.0	0.0	17.233137750737026	1.0
development	1	119	0	C11	True	7.0	7.0	+	7.0	0.0	17.233137750737026	1.0
development	1	120	0	C11	True	48.0	48.0	+	48.0	0.0	17.233137750737026	1.0
development	1	121	0	C11	True	45.0	45.0	+	45.0	0.0	17.233137750737026	1.0
development	1	122	0	C11	True	9.0	9.0	+	9.0	0.0	17.233137750737026	1.0
development	1	123	0	C11	True	53.0	53.0	+	53.0	0.0	17.233137750737026	1.0
development	1	124	0	C11	True	29.0	29.0	+	29.0	0.0	17.233137750737026	1.0
development	1	125	0	C11	True	2.0	2.0	+	2.0	0.0	17.233137750737026	1.0
development	1	126	0	C11	True	6.0	6.0	+	6.0	0.0	17.233137750737026	1.0
development	1	127	0	C11	True	57.0	57.0	+	57.0	0.0	17.233137750737026	1.0
development	0	0	0	C11	False						-12.957489234629085	
development	0	1	0	C11	False						-17.187031342418713	
development	0	2	0	C11	False						-8.184216326811661	
development	0	3	0	C11	False						-9.775307296084135	
development	0	4	0	C11	False						-8.184216326811661	
development	0	5	0	C11	False						-11.366398265356608	
development	0	6	0	C11	False						-15.595940373146242	
development	0	7	0	C11	False						-9.775307296084135	
development	0	8	0	C11	False						-0.7724922804770806	
development	0	9	0	C11	False						-11.36639826535661	
development	0	10	0	C11	False						0.8185986887953938	
development	0	11	0	C11	False						0.8185986887953935	
development	0	12	0	C11	False						-12.957489234629085	
development	0	13	0	C11	True						2.409689658067868	
development	0	14	0	C11	False						-0.7724922804770804	
development	0	15	0	C11	False						-9.775307296084137	
development	0	16	0	C11	False						-8.184216326811661	
development	0	17	0	C11	False						-8.184216326811661	
development	0	18	0	C11	False						0.8185986887953935	
development	0	19	0	C11	False						-18.77812231169119	
development	0	20	0	C11	False						-8.184216326811661	
development	0	21	0	C11	False						0.8185986887953935	
development	0	22	0	C11	False						-8.184216326811661	
development	0	23	0	C11	False						-9.775307296084135	
development	0	24	0	C11	False						-2.3635832497495546	
development	0	25	0	C11	False						-17.187031342418713	
development	0	26	0	C11	False						0.8185986887953938	
development	0	27	0	C11	True						8.230322735129972	
development	0	28	0	C11	False						-6.593125357539186	
development	0	29	0	C11	False						-11.366398265356608	
development	0	30	0	C11	False						-8.184216326811661	
development	0	31	0	C11	False						-8.184216326811661	
development	0	32	0	C11	False						-6.593125357539185	
development	0	33	0	C11	False						-9.775307296084135	
development	0	34	0	C11	False						-8.184216326811661	
development	0	35	0	C11	False						-11.366398265356612	
development	0	36	0	C11	False						-9.775307296084137	
development	0	37	0	C11	False						0.8185986887953933	
development	0	38	0	C11	True						2.4096896580678684	
development	0	39	0	C11	False						-9.775307296084137	
development	0	40	0	C11	False						-9.775307296084133	
development	0	41	0	C11	False						-9.775307296084135	
development	0	42	0	C11	False						-2.3635832497495546	
development	0	43	0	C11	False						-0.7724922804770797	
development	0	44	0	C11	False						-11.366398265356612	
development	0	45	0	C11	False						-17.187031342418713	
development	0	46	0	C11	False						-8.184216326811661	
development	0	47	0	C11	False						-9.775307296084137	
development	0	48	0	C11	False						-9.775307296084137	
development	0	49	0	C11	False						-17.187031342418713	
development	0	50	0	C11	False						-17.187031342418717	
development	0	51	0	C11	False						0.8185986887953935	
development	0	52	0	C11	False						-9.775307296084135	
development	0	53	0	C11	False						-11.36639826535661	
development	0	54	0	C11	False						-9.775307296084137	
development	0	55	0	C11	False						-8.184216326811661	
development	0	56	0	C11	False						-12.957489234629085	
development	0	57	0	C11	False						-2.3635832497495546	
development	0	58	0	C11	False						-17.187031342418713	
development	0	59	0	C11	False						-9.775307296084137	
development	0	60	0	C11	False						-2.3635832497495546	
development	0	61	0	C11	False						-11.366398265356608	
development	0	62	0	C11	False						-17.187031342418717	
development	0	63	0	C11	False						-11.36639826535661	
development	0	64	0	C11	False						-9.775307296084135	
development	0	65	0	C11	False						-3.9546742190220288	
development	0	66	0	C11	False						-11.366398265356612	
development	0	67	0	C11	False						-8.18421632681166	
development	0	68	0	C11	False						-0.7724922804770806	
development	0	69	0	C11	False						-9.775307296084137	
development	0	70	0	C11	False						-3.9546742190220288	
development	0	71	0	C11	False						-9.775307296084135	
development	0	72	0	C11	False						-9.775307296084135	
development	0	73	0	C11	False						-8.184216326811661	
development	0	74	0	C11	False						-6.5931253575391855	
development	0	75	0	C11	False						-9.775307296084135	
development	0	76	0	C11	False						-15.595940373146238	
development	0	77	0	C11	False						-0.7724922804770806	
development	0	78	0	C11	False						-2.3635832497495546	
development	0	79	0	C11	False						-9.775307296084135	
development	0	80	0	C11	False						-0.7724922804770806	
development	0	81	0	C11	False						-9.775307296084137	
development	0	82	0	C11	False						-11.366398265356612	
development	0	83	0	C11	True						0.8185986887953942	
development	0	84	0	C11	False						-6.593125357539185	
development	0	85	0	C11	False						-11.366398265356608	
development	0	86	0	C11	False						-2.3635832497495546	
development	0	87	0	C11	False						-9.775307296084137	
development	0	88	0	C11	False						-8.184216326811661	
development	0	89	0	C11	False						-9.775307296084137	
development	0	90	0	C11	False						-8.184216326811661	
development	0	91	0	C11	False						-15.595940373146242	
development	0	92	0	C11	False						-8.184216326811661	
development	0	93	0	C11	False						-8.184216326811661	
development	0	94	0	C11	False						-6.593125357539186	
development	0	95	0	C11	False						-9.775307296084137	
development	0	96	0	C11	False						-2.3635832497495546	
development	0	97	0	C11	False						-8.184216326811661	
development	0	98	0	C11	False						-8.184216326811661	
development	0	99	0	C11	False						-9.775307296084135	
development	0	100	0	C11	False						-8.184216326811661	
development	0	101	0	C11	False						-11.366398265356608	
development	0	102	0	C11	False						-6.5931253575391855	
development	0	103	0	C11	False						-15.595940373146242	
development	0	104	0	C11	False						-9.775307296084137	
development	0	105	0	C11	False						-18.778122311691188	
development	0	106	0	C11	False						-11.36639826535661	
development	0	107	0	C11	False						-9.775307296084135	
development	0	108	0	C11	False						-0.7724922804770797	
development	0	109	0	C11	False						-17.187031342418717	
development	0	110	0	C11	False						-8.184216326811661	
development	0	111	0	C11	False						-15.595940373146242	
development	0	112	0	C11	False						-11.366398265356608	
development	0	113	0	C11	False						-9.775307296084135	
development	0	114	0	C11	False						-9.775307296084137	
development	0	115	0	C11	False						-8.184216326811661	
development	0	116	0	C11	False						-0.7724922804770806	
development	0	117	0	C11	False						0.8185986887953935	
development	0	118	0	C11	False						-9.775307296084135	
development	0	119	0	C11	False						-9.775307296084135	
development	0	120	0	C11	False						-8.184216326811661	
development	0	121	0	C11	False						-9.775307296084133	
development	0	122	0	C11	False						-17.187031342418713	
development	0	123	0	C11	False						-11.366398265356612	
development	0	124	0	C11	False						-8.184216326811661	
development	0	125	0	C11	False						-9.775307296084135	
development	0	126	0	C11	False						-8.184216326811661	
development	0	127	0	C11	False						-9.775307296084137	
test	1	0	0	C11	True	24.0	24.0	+	24.0	0.0	17.233137750737026	1.0
test	1	1	0	C11	True	69.0	69.0	+	69.0	0.0	17.233137750737026	1.0
test	1	2	0	C11	True	24.0	24.0	+	24.0	0.0	17.233137750737026	1.0
test	1	3	0	C11	True	0.0	0.0	+	0.0	0.0	17.233137750737026	1.0
test	1	4	0	C11	True	50.0	50.0	+	50.0	0.0	17.233137750737026	1.0
test	1	5	0	C11	True	33.0	33.0	+	33.0	0.0	17.233137750737026	1.0
test	1	6	0	C11	True	66.0	66.0	+	66.0	0.0	17.233137750737026	1.0
test	1	7	0	C11	True	8.0	8.0	+	8.0	0.0	17.233137750737026	1.0
test	1	8	0	C11	True	55.0	55.0	+	55.0	0.0	17.233137750737026	1.0
test	1	9	0	C11	True	11.0	11.0	+	11.0	0.0	17.233137750737026	1.0
test	1	10	0	C11	True	51.0	51.0	+	51.0	0.0	17.233137750737026	1.0
test	1	11	0	C11	True	52.0	52.0	+	52.0	0.0	17.233137750737026	1.0
test	1	12	0	C11	True	57.0	57.0	+	57.0	0.0	17.233137750737026	1.0
test	1	13	0	C11	True	3.0	3.0	+	3.0	0.0	17.233137750737026	1.0
test	1	14	0	C11	True	68.0	68.0	+	68.0	0.0	17.233137750737026	1.0
test	1	15	0	C11	True	64.0	64.0	+	64.0	0.0	17.233137750737026	1.0
test	1	16	0	C11	True	7.0	7.0	+	7.0	0.0	17.233137750737026	1.0
test	1	17	0	C11	True	54.0	54.0	+	54.0	0.0	17.233137750737026	1.0
test	1	18	0	C11	True	11.0	11.0	+	11.0	0.0	17.233137750737026	1.0
test	1	19	0	C11	True	23.0	23.0	+	23.0	0.0	17.233137750737026	1.0
test	1	20	0	C11	True	7.0	7.0	+	7.0	0.0	17.233137750737026	1.0
test	1	21	0	C11	True	11.0	11.0	+	11.0	0.0	17.233137750737026	1.0
test	1	22	0	C11	True	0.0	0.0	+	0.0	0.0	17.233137750737026	1.0
test	1	23	0	C11	True	22.0	22.0	+	22.0	0.0	17.233137750737026	1.0
test	1	24	0	C11	True	60.0	60.0	+	60.0	0.0	17.233137750737026	1.0
test	1	25	0	C11	True	55.0	55.0	+	55.0	0.0	17.233137750737026	1.0
test	1	26	0	C11	True	19.0	19.0	+	19.0	0.0	17.233137750737026	1.0
test	1	27	0	C11	True	11.0	11.0	+	11.0	0.0	17.233137750737026	1.0
test	1	28	0	C11	True	9.0	9.0	+	9.0	0.0	17.233137750737026	1.0
test	1	29	0	C11	True	49.0	49.0	+	49.0	0.0	17.233137750737026	1.0
test	1	30	0	C11	True	51.0	51.0	+	51.0	0.0	17.233137750737026	1.0
test	1	31	0	C11	True	57.0	57.0	+	57.0	0.0	17.233137750737026	1.0
test	1	32	0	C11	True	67.0	67.0	+	67.0	0.0	17.233137750737026	1.0
test	1	33	0	C11	True	30.0	30.0	+	30.0	0.0	17.233137750737026	1.0
test	1	34	0	C11	True	61.0	61.0	+	61.0	0.0	17.233137750737026	1.0
test	1	35	0	C11	True	45.0	45.0	+	45.0	0.0	17.233137750737026	1.0
test	1	36	0	C11	True	56.0	56.0	+	56.0	0.0	17.233137750737026	1.0
test	1	37	0	C11	True	12.0	12.0	+	12.0	0.0	17.233137750737026	1.0
test	1	38	0	C11	True	35.0	35.0	+	35.0	0.0	17.233137750737026	1.0
test	1	39	0	C11	True	10.0	10.0	+	10.0	0.0	17.233137750737026	1.0
test	1	40	0	C11	True	63.0	63.0	+	63.0	0.0	17.233137750737026	1.0
test	1	41	0	C11	True	69.0	69.0	+	69.0	0.0	17.233137750737026	1.0
test	1	42	0	C11	True	8.0	8.0	+	8.0	0.0	17.233137750737026	1.0
test	1	43	0	C11	True	45.0	45.0	+	45.0	0.0	17.233137750737026	1.0
test	1	44	0	C11	True	39.0	39.0	+	39.0	0.0	17.233137750737026	1.0
test	1	45	0	C11	True	51.0	51.0	+	51.0	0.0	17.233137750737026	1.0
test	1	46	0	C11	True	17.0	17.0	+	17.0	0.0	17.233137750737026	1.0
test	1	47	0	C11	True	31.0	31.0	+	31.0	0.0	17.233137750737026	1.0
test	1	48	0	C11	True	45.0	45.0	+	45.0	0.0	17.233137750737026	1.0
test	1	49	0	C11	True	64.0	64.0	+	64.0	0.0	17.233137750737026	1.0
test	1	50	0	C11	True	6.0	6.0	+	6.0	0.0	17.233137750737026	1.0
test	1	51	0	C11	True	11.0	11.0	+	11.0	0.0	17.233137750737026	1.0
test	1	52	0	C11	True	52.0	52.0	+	52.0	0.0	17.233137750737026	1.0
test	1	53	0	C11	True	7.0	7.0	+	7.0	0.0	17.233137750737026	1.0
test	1	54	0	C11	True	4.0	4.0	+	4.0	0.0	17.233137750737026	1.0
test	1	55	0	C11	True	54.0	54.0	+	54.0	0.0	17.233137750737026	1.0
test	1	56	0	C11	True	30.0	30.0	+	30.0	0.0	17.233137750737026	1.0
test	1	57	0	C11	True	11.0	11.0	+	11.0	0.0	17.233137750737026	1.0
test	1	58	0	C11	True	15.0	15.0	+	15.0	0.0	17.233137750737026	1.0
test	1	59	0	C11	True	59.0	59.0	+	59.0	0.0	17.233137750737026	1.0
test	1	60	0	C11	True	51.0	51.0	+	51.0	0.0	17.233137750737026	1.0
test	1	61	0	C11	True	4.0	4.0	+	4.0	0.0	17.233137750737026	1.0
test	1	62	0	C11	True	25.0	25.0	+	25.0	0.0	17.233137750737026	1.0
test	1	63	0	C11	True	23.0	23.0	+	23.0	0.0	17.233137750737026	1.0
test	1	64	0	C11	True	17.0	17.0	+	17.0	0.0	17.233137750737026	1.0
test	1	65	0	C11	True	56.0	56.0	+	56.0	0.0	17.233137750737026	1.0
test	1	66	0	C11	True	45.0	45.0	+	45.0	0.0	17.233137750737026	1.0
test	1	67	0	C11	True	68.0	68.0	+	68.0	0.0	17.233137750737026	1.0
test	1	68	0	C11	True	67.0	67.0	+	67.0	0.0	17.233137750737026	1.0
test	1	69	0	C11	True	41.0	41.0	+	41.0	0.0	17.233137750737026	1.0
test	1	70	0	C11	True	35.0	35.0	+	35.0	0.0	17.233137750737026	1.0
test	1	71	0	C11	True	17.0	17.0	+	17.0	0.0	17.233137750737026	1.0
test	1	72	0	C11	True	20.0	20.0	+	20.0	0.0	17.233137750737026	1.0
test	1	73	0	C11	True	30.0	30.0	+	30.0	0.0	17.233137750737026	1.0
test	1	74	0	C11	True	18.0	18.0	+	18.0	0.0	17.233137750737026	1.0
test	1	75	0	C11	True	14.0	14.0	+	14.0	0.0	17.233137750737026	1.0
test	1	76	0	C11	True	59.0	59.0	+	59.0	0.0	17.233137750737026	1.0
test	1	77	0	C11	True	46.0	46.0	+	46.0	0.0	17.233137750737026	1.0
test	1	78	0	C11	True	0.0	0.0	+	0.0	0.0	17.233137750737026	1.0
test	1	79	0	C11	True	37.0	37.0	+	37.0	0.0	17.233137750737026	1.0
test	1	80	0	C11	True	6.0	6.0	+	6.0	0.0	17.233137750737026	1.0
test	1	81	0	C11	True	69.0	69.0	+	69.0	0.0	17.233137750737026	1.0
test	1	82	0	C11	True	38.0	38.0	+	38.0	0.0	17.233137750737026	1.0
test	1	83	0	C11	True	64.0	64.0	+	64.0	0.0	17.233137750737026	1.0
test	1	84	0	C11	True	60.0	60.0	+	60.0	0.0	17.233137750737026	1.0
test	1	85	0	C11	True	2.0	2.0	+	2.0	0.0	17.233137750737026	1.0
test	1	86	0	C11	True	50.0	50.0	+	50.0	0.0	17.233137750737026	1.0
test	1	87	0	C11	True	58.0	58.0	+	58.0	0.0	17.233137750737026	1.0
test	1	88	0	C11	True	38.0	38.0	+	38.0	0.0	17.233137750737026	1.0
test	1	89	0	C11	True	1.0	1.0	+	1.0	0.0	17.233137750737026	1.0
test	1	90	0	C11	True	1.0	1.0	+	1.0	0.0	17.233137750737026	1.0
test	1	91	0	C11	True	19.0	19.0	+	19.0	0.0	17.233137750737026	1.0
test	1	92	0	C11	True	1.0	1.0	+	1.0	0.0	17.233137750737026	1.0
test	1	93	0	C11	True	0.0	0.0	+	0.0	0.0	17.233137750737026	1.0
test	1	94	0	C11	True	48.0	48.0	+	48.0	0.0	17.233137750737026	1.0
test	1	95	0	C11	True	41.0	41.0	+	41.0	0.0	17.233137750737026	1.0
test	1	96	0	C11	True	12.0	12.0	+	12.0	0.0	17.233137750737026	1.0
test	1	97	0	C11	True	25.0	25.0	+	25.0	0.0	17.233137750737026	1.0
test	1	98	0	C11	True	61.0	61.0	+	61.0	0.0	17.233137750737026	1.0
test	1	99	0	C11	True	37.0	37.0	+	37.0	0.0	17.233137750737026	1.0
test	1	100	0	C11	True	62.0	62.0	+	62.0	0.0	17.233137750737026	1.0
test	1	101	0	C11	True	12.0	12.0	+	12.0	0.0	17.233137750737026	1.0
test	1	102	0	C11	True	54.0	54.0	+	54.0	0.0	17.233137750737026	1.0
test	1	103	0	C11	True	60.0	60.0	+	60.0	0.0	17.233137750737026	1.0
test	1	104	0	C11	True	43.0	43.0	+	43.0	0.0	17.233137750737026	1.0
test	1	105	0	C11	True	18.0	18.0	+	18.0	0.0	17.233137750737026	1.0
test	1	106	0	C11	True	50.0	50.0	+	50.0	0.0	17.233137750737026	1.0
test	1	107	0	C11	True	65.0	65.0	+	65.0	0.0	17.233137750737026	1.0
test	1	108	0	C11	True	11.0	11.0	+	11.0	0.0	17.233137750737026	1.0
test	1	109	0	C11	True	18.0	18.0	+	18.0	0.0	17.233137750737026	1.0
test	1	110	0	C11	True	48.0	48.0	+	48.0	0.0	17.233137750737026	1.0
test	1	111	0	C11	True	50.0	50.0	+	50.0	0.0	17.233137750737026	1.0
test	1	112	0	C11	True	25.0	25.0	+	25.0	0.0	17.233137750737026	1.0
test	1	113	0	C11	True	16.0	16.0	+	16.0	0.0	17.233137750737026	1.0
test	1	114	0	C11	True	14.0	14.0	+	14.0	0.0	17.233137750737026	1.0
test	1	115	0	C11	True	58.0	58.0	+	58.0	0.0	17.233137750737026	1.0
test	1	116	0	C11	True	1.0	1.0	+	1.0	0.0	17.233137750737026	1.0
test	1	117	0	C11	True	13.0	13.0	+	13.0	0.0	17.233137750737026	1.0
test	1	118	0	C11	True	49.0	49.0	+	49.0	0.0	17.233137750737026	1.0
test	1	119	0	C11	True	34.0	34.0	+	34.0	0.0	17.233137750737026	1.0
test	1	120	0	C11	True	13.0	13.0	+	13.0	0.0	17.233137750737026	1.0
test	1	121	0	C11	True	56.0	56.0	+	56.0	0.0	17.233137750737026	1.0
test	1	122	0	C11	True	17.0	17.0	+	17.0	0.0	17.233137750737026	1.0
test	1	123	0	C11	True	13.0	13.0	+	13.0	0.0	17.233137750737026	1.0
test	1	124	0	C11	True	2.0	2.0	+	2.0	0.0	17.233137750737026	1.0
test	1	125	0	C11	True	52.0	52.0	+	52.0	0.0	17.233137750737026	1.0
test	1	126	0	C11	True	12.0	12.0	+	12.0	0.0	17.233137750737026	1.0
test	1	127	0	C11	True	5.0	5.0	+	5.0	0.0	17.233137750737026	1.0
test	0	0	0	C11	False						-3.9546742190220288	
test	0	1	0	C11	False						-9.775307296084137	
test	0	2	0	C11	False						-3.9546742190220288	
test	0	3	0	C11	False						-2.3635832497495546	
test	0	4	0	C11	False						-9.775307296084137	
test	0	5	0	C11	False						-0.7724922804770804	
test	0	6	0	C11	False						-2.3635832497495546	
test	0	7	0	C11	False						-2.3635832497495546	
test	0	8	0	C11	False						-8.184216326811661	
test	0	9	0	C11	False						-8.184216326811661	
test	0	10	0	C11	True						8.230322735129974	
test	0	11	0	C11	False						-9.775307296084135	
test	0	12	0	C11	False						-9.775307296084137	
test	0	13	0	C11	False						-17.187031342418713	
test	0	14	0	C11	False						-11.36639826535661	
test	0	15	0	C11	False						-8.184216326811661	
test	0	16	0	C11	False						-5.002034388266712	
test	0	17	0	C11	False						-8.184216326811661	
test	0	18	0	C11	False						-9.775307296084135	
test	0	19	0	C11	False						0.8185986887953938	
test	0	20	0	C11	False						-9.775307296084137	
test	0	21	0	C11	False						-6.593125357539186	
test	0	22	0	C11	False						-8.184216326811661	
test	0	23	0	C11	False						-17.187031342418713	
test	0	24	0	C11	False						-9.775307296084135	
test	0	25	0	C11	False						-3.9546742190220288	
test	0	26	0	C11	False						-9.775307296084137	
test	0	27	0	C11	False						-12.957489234629083	
test	0	28	0	C11	False						-17.187031342418713	
test	0	29	0	C11	False						-0.7724922804770806	
test	0	30	0	C11	False						-9.775307296084137	
test	0	31	0	C11	False						-6.593125357539186	
test	0	32	0	C11	False						-11.36639826535661	
test	0	33	0	C11	False						-0.7724922804770815	
test	0	34	0	C11	False						-6.593125357539186	
test	0	35	0	C11	False						-0.7724922804770797	
test	0	36	0	C11	False						-6.593125357539186	
test	0	37	0	C11	False						-11.36639826535661	
test	0	38	0	C11	False						-6.593125357539185	
test	0	39	0	C11	False						-17.187031342418717	
test	0	40	0	C11	False						-11.366398265356612	
test	0	41	0	C11	False						-8.184216326811661	
test	0	42	0	C11	False						-6.593125357539186	
test	0	43	0	C11	False						-9.775307296084137	
test	0	44	0	C11	False						-11.366398265356612	
test	0	45	0	C11	False						-8.184216326811661	
test	0	46	0	C11	False						-11.36639826535661	
test	0	47	0	C11	False						-17.187031342418713	
test	0	48	0	C11	False						-11.36639826535661	
test	0	49	0	C11	False						-0.7724922804770815	
test	0	50	0	C11	False						-8.184216326811661	
test	0	51	0	C11	False						-11.366398265356608	
test	0	52	0	C11	False						-9.775307296084137	
test	0	53	0	C11	False						-0.7724922804770815	
test	0	54	0	C11	False						-0.7724922804770806	
test	0	55	0	C11	False						-15.595940373146242	
test	0	56	0	C11	False						-11.366398265356608	
test	0	57	0	C11	False						-9.775307296084135	
test	0	58	0	C11	False						0.8185986887953933	
test	0	59	0	C11	False						-8.184216326811661	
test	0	60	0	C11	False						0.8185986887953938	
test	0	61	0	C11	False						-12.957489234629083	
test	0	62	0	C11	False						-0.7724922804770811	
test	0	63	0	C11	False						-11.36639826535661	
test	0	64	0	C11	False						-9.775307296084137	
test	0	65	0	C11	False						-0.7724922804770804	
test	0	66	0	C11	False						-12.957489234629083	
test	0	67	0	C11	False						-2.3635832497495555	
test	0	68	0	C11	False						-9.775307296084135	
test	0	69	0	C11	False						-17.187031342418713	
test	0	70	0	C11	False						-11.366398265356612	
test	0	71	0	C11	False						-8.184216326811661	
test	0	72	0	C11	False						-9.775307296084137	
test	0	73	0	C11	False						-12.957489234629085	
test	0	74	0	C11	False						-17.187031342418713	
test	0	75	0	C11	False						-2.3635832497495546	
test	0	76	0	C11	False						-8.184216326811661	
test	0	77	0	C11	False						-6.593125357539186	
test	0	78	0	C11	False						-11.36639826535661	
test	0	79	0	C11	False						-11.366398265356612	
test	0	80	0	C11	False						0.8185986887953933	
test	0	81	0	C11	True						2.4096896580678684	
test	0	82	0	C11	False						-0.7724922804770806	
test	0	83	0	C11	False						-8.184216326811661	
test	0	84	0	C11	False						-14.004849403873767	
test	0	85	0	C11	False						-9.775307296084135	
test	0	86	0	C11	False						-9.775307296084137	
test	0	87	0	C11	False						-17.187031342418717	
test	0	88	0	C11	False						-8.18421632681166	
test	0	89	0	C11	False						-8.184216326811661	
test	0	90	0	C11	False						-17.187031342418717	
test	0	91	0	C11	False						-0.7724922804770806	
test	0	92	0	C11	False						-8.184216326811661	
test	0	93	0	C11	False						-11.366398265356608	
test	0	94	0	C11	False						-9.775307296084135	
test	0	95	0	C11	False						-12.413758434601291	
test	0	96	0	C11	False						-14.004849403873765	
test	0	97	0	C11	False						-17.187031342418713	
test	0	98	0	C11	False						-14.004849403873767	
test	0	99	0	C11	False						-17.187031342418713	
test	0	100	0	C11	False						-11.36639826535661	
test	0	101	0	C11	False						-8.184216326811661	
test	0	102	0	C11	False						-6.5931253575391855	
test	0	103	0	C11	False						-6.593125357539186	
test	0	104	0	C11	False						-9.775307296084137	
test	0	105	0	C11	False						-8.184216326811661	
test	0	106	0	C11	False						-9.775307296084137	
test	0	107	0	C11	False						-6.5931253575391855	
test	0	108	0	C11	False						-12.957489234629083	
test	0	109	0	C11	False						-8.18421632681166	
test	0	110	0	C11	False						-20.369213280963663	
test	0	111	0	C11	False						-3.9546742190220288	
test	0	112	0	C11	False						-6.593125357539186	
test	0	113	0	C11	False						-17.187031342418713	
test	0	114	0	C11	False						-9.775307296084133	
test	0	115	0	C11	False						-9.775307296084137	
test	0	116	0	C11	False						-0.7724922804770806	
test	0	117	0	C11	False						-0.7724922804770813	
test	0	118	0	C11	False						-0.7724922804770806	
test	0	119	0	C11	False						0.8185986887953938	
test	0	120	0	C11	False						-8.184216326811663	
test	0	121	0	C11	False						-11.36639826535661	
test	0	122	0	C11	False						-0.7724922804770811	
test	0	123	0	C11	False						-11.36639826535661	
test	0	124	0	C11	False						-15.595940373146242	
test	0	125	0	C11	False						0.8185986887953938	
test	0	126	0	C11	False						-2.3635832497495555	
test	0	127	0	C11	False						-0.7724922804770806	
