********************************************************************************
STREME - Sensitive, Thorough, Rapid, Enriched Motif Elicitation
********************************************************************************
MEME version 5.5.9 (Release date: Fri Nov 21 15:33:51 2025 -0800)

For further information on how to interpret these results please access https://meme-suite.org/meme.
To get a copy of the MEME Suite software please access https://meme-suite.org.

********************************************************************************


********************************************************************************
REFERENCE
********************************************************************************
If you use this program in your research, please cite:

Timothy L. Bailey,
"STREME: accurate and versatile sequence motif discovery",
Bioinformatics, Mar. 24, 2021.
********************************************************************************


ALPHABET= ACGT

strands: + -

Background letter frequencies
A 0.196 C 0.304 G 0.304 T 0.196 

MOTIF 1-YCGRCAT STREME-1
letter-probability matrix: alength= 4 w= 7 nsites= 723 E= 9.4e-002
 0.095645 0.588244 0.000283 0.315828
 0.000183 0.999352 0.000283 0.000183
 0.012886 0.000283 0.890288 0.096542
 0.339103 0.000283 0.449427 0.211188
 0.130837 0.867391 0.000283 0.001489
 0.693859 0.217132 0.000283 0.088727
 0.127648 0.000283 0.000283 0.871787

MOTIF 2-CCGCAAGCGGGR STREME-2
letter-probability matrix: alength= 4 w= 12 nsites= 30 E= 3.0e-001
 0.001559 0.994469 0.002412 0.001559
 0.001559 0.939409 0.002412 0.056619
 0.001559 0.057473 0.939409 0.001559
 0.001559 0.994469 0.002412 0.001559
 0.883463 0.002412 0.112565 0.001559
 0.993616 0.002412 0.002412 0.001559
 0.001559 0.057473 0.939409 0.001559
 0.001559 0.939409 0.057473 0.001559
 0.001559 0.002412 0.994469 0.001559
 0.056619 0.057473 0.829288 0.056619
 0.001559 0.002412 0.664108 0.331920
 0.387045 0.002412 0.608983 0.001559

MOTIF 3-CAAGAWCRRS STREME-3
letter-probability matrix: alength= 4 w= 10 nsites= 283 E= 3.5e-001
 0.000126 0.826234 0.160119 0.013520
 0.742910 0.189822 0.031441 0.035827
 0.785675 0.018051 0.196147 0.000126
 0.000126 0.088689 0.897669 0.013515
 0.858719 0.062685 0.056161 0.022436
 0.649260 0.000195 0.000195 0.350349
 0.000126 0.919226 0.080522 0.000126
 0.388524 0.071612 0.420001 0.119863
 0.324408 0.167088 0.344210 0.164293
 0.004588 0.615583 0.370779 0.009050

MOTIF 4-CGTGATCGAC STREME-4
letter-probability matrix: alength= 4 w= 10 nsites= 105 E= 9.8e-001
 0.000362 0.833397 0.096551 0.069689
 0.038754 0.159496 0.796080 0.005670
 0.089963 0.000561 0.157241 0.752235
 0.000362 0.000561 0.998715 0.000362
 0.800153 0.013355 0.026150 0.160342
 0.000362 0.000561 0.000561 0.998516
 0.025952 0.960330 0.013355 0.000362
 0.082454 0.090161 0.775844 0.051541
 0.711638 0.154158 0.077348 0.056857
 0.102743 0.604114 0.228800 0.064344

MOTIF 5-CCGGCCGCGA STREME-5
letter-probability matrix: alength= 4 w= 10 nsites= 93 E= 2.9e+000
 0.068509 0.682495 0.068768 0.180228
 0.000386 0.998631 0.000597 0.000386
 0.000386 0.000597 0.971382 0.027635
 0.098412 0.082401 0.818802 0.000386
 0.000386 0.930420 0.068808 0.000386
 0.000386 0.846052 0.153176 0.000386
 0.204824 0.041479 0.753312 0.000386
 0.000386 0.916875 0.000597 0.082142
 0.120725 0.096018 0.578462 0.204796
 0.801922 0.000597 0.000597 0.196884

MOTIF 6-ACCAGCTTC STREME-6
letter-probability matrix: alength= 4 w= 9 nsites= 152 E= 5.0e+000
 0.824654 0.000300 0.100722 0.074324
 0.043577 0.797504 0.028342 0.130577
 0.048098 0.900395 0.003721 0.047786
 0.962142 0.000300 0.000300 0.037258
 0.013878 0.233122 0.696748 0.056252
 0.007036 0.973105 0.003138 0.016721
 0.138333 0.099591 0.209493 0.552584
 0.067763 0.177346 0.142386 0.612505
 0.023559 0.739805 0.185704 0.050932

MOTIF 7-AGCTGAGCTA STREME-7
letter-probability matrix: alength= 4 w= 10 nsites= 40 E= 5.0e+000
 0.727786 0.162632 0.028085 0.081497
 0.054575 0.081898 0.862766 0.000762
 0.000762 0.889672 0.108804 0.000762
 0.027668 0.028085 0.028085 0.916161
 0.000762 0.055007 0.889656 0.054575
 0.943068 0.001179 0.054991 0.000762
 0.242982 0.135758 0.620499 0.000762
 0.162263 0.835796 0.001179 0.000762
 0.000762 0.108851 0.028085 0.862301
 0.969974 0.001179 0.028085 0.000762

MOTIF 8-CTTGTCCGGGACG STREME-8
letter-probability matrix: alength= 4 w= 13 nsites= 25 E= 5.0e+000
 0.001173 0.954434 0.001814 0.042579
 0.042579 0.001814 0.126058 0.829548
 0.001173 0.043221 0.001814 0.953792
 0.001173 0.043221 0.954434 0.001173
 0.001173 0.084652 0.001814 0.912361
 0.042579 0.954434 0.001814 0.001173
 0.083986 0.871621 0.001814 0.042579
 0.001173 0.126034 0.871621 0.001173
 0.166872 0.043221 0.788734 0.001173
 0.001173 0.167441 0.830214 0.001173
 0.705353 0.167441 0.084627 0.042579
 0.001173 0.705897 0.291758 0.001173
 0.166823 0.208920 0.623084 0.001173

MOTIF 9-CGCCGGCGCCGCC STREME-9
letter-probability matrix: alength= 4 w= 13 nsites= 43 E= 8.8e+000
 0.024158 0.950655 0.024522 0.000665
 0.000665 0.001029 0.997640 0.000665
 0.141704 0.799856 0.010775 0.047664
 0.000665 0.997640 0.001029 0.000665
 0.188621 0.142013 0.621716 0.047651
 0.071157 0.048028 0.786165 0.094650
 0.024158 0.880163 0.001029 0.094650
 0.094636 0.222223 0.682476 0.000665
 0.165197 0.715638 0.048015 0.071150
 0.000665 0.950655 0.048015 0.000665
 0.000665 0.048015 0.950655 0.000665
 0.024158 0.645229 0.141992 0.188621
 0.024158 0.880163 0.095014 0.000665

MOTIF 10-AGCCGCTCGA STREME-10
letter-probability matrix: alength= 4 w= 10 nsites= 40 E= 1.0e+001
 0.997494 0.000947 0.000947 0.000612
 0.000612 0.000947 0.729317 0.269124
 0.074427 0.736349 0.188611 0.000612
 0.173578 0.824862 0.000947 0.000612
 0.000612 0.000947 0.997829 0.000612
 0.022228 0.630191 0.303736 0.043844
 0.000612 0.022563 0.000947 0.975878
 0.000612 0.997829 0.000947 0.000612
 0.195207 0.109103 0.695077 0.000612
 0.954249 0.044192 0.000947 0.000612

********************************************************************************
Stopped because maximum number of motifs (10) reached.
********************************************************************************
COMMAND:	streme --dna --p /Users/mac/Desktop/DEVELOP/code_brandnewme/ml-pro/data/processed/pr01_02_data_v2/tjupan_bradyrhizobium/main/discovery.positive.fasta --n /Users/mac/Desktop/DEVELOP/code_brandnewme/ml-pro/data/processed/pr01_02_data_v2/tjupan_bradyrhizobium/main/discovery.dinucleotide_null.fasta --order 2 --minw 5 --maxw 15 --thresh 0.05 --nmotifs 10 --seed 20261005 --o /Users/mac/Desktop/DEVELOP/code_brandnewme/ml-pro/results/motif/tju_streme_v2_20261008/tjupan_bradyrhizobium/dinucleotide
********************************************************************************
CPU:		cysdeMacBook-Air.local
********************************************************************************
FINALTIME:	6.36 seconds
********************************************************************************
